223513863743
508694868880
775153949069
574708391261
1008290666096
983731947598
62674701555
993379713056
739744040167
551469444493
414845916080
389154961850
910604369618
467950148956
676778730569
86371093450
632689492306
288016312912
77828104657
348912612719
845272323457
945961673698
461666606246
445567872292
73138936715
743686407581
973931063722
163618111287
51726516349
553811170537
1000187777885
241468478077
370380839971
1034906462784
1038805676936
620102474228
866349200668
433924280596
311353073962
358309919127
1017665076134
362074872664
861357658175
1001621397303
775605887701
455593596457
546845327022
925120518234
421933137465
475219683767
980075297538
162321014320
15377569323
512915230927
695913013877
92839987538
432934007265
948450241419
804991888087
541441050534
169511556509
917060528279
825753065524
803372520689
103127446652
127884390924
14504178403
784046357318
825298383688
262936990230
452917391664
538608929870
653856626617
541181975504
665203029275
807930137720
931612908482
117568011426
657882585755
580509044515
771377726260
831496924304
864244165139
12710176332
966316122075
247658638856
226201953136
678105824720
139882555273
744127768161
997969564329
699094318385
685111577893
55563387901
746147629767
1017820941159
678887892881
140553297012
1063138807553
446248949398
119263902314
701389036372
145107585213
819319222013
297508851197
215955456609
273235406928
191320071210
239335808214
685558389054
549034311077
972810891172
485316720323
983722361732
878037796828
337246206211
264836039847
207259804076
121087100625
1001761434844
232558823855
1079422275202
1065240838762
573728171015
991253589231
26445247030
465185049981
600458203951
136811850283
1036577149389
958462596659
86835018125
117216755638
627533943770
633363892039
705826580286
878785297462
923113792319
109405765822
198704673639
107265927108
649202168197
314518901103
629343532469
900565024693
504056918297
1034428768716
608814957088
724729303745
907097899432
425736972890
768505829819
1039171320744
710968342720
23906368154
594021581959
1046038892895
821673666812
921251972859
1095503381868
522753647649
71184872462
148522081913
177810817640
872265457307
42268310401
1043213338535
1066522558485
105895537522
1034814086048
611698082911
421943147657
196171033863
778202784446
621693262373
862531112253
696781411144
88354081184
893475992948
215722003883
1085883509234
801851047072
335233352092
519323903985
142758832568
283476378742
622036786749
837535617194
1040005330830
754522047143
1090251905263
863240014489
701282466891
83209531360
766582272638
522012578770
196538011286
1041552925842
128274157429
459196971693
372182059892
784160651102
653409284266
648733343883
963681759366
